name: gen-annot
channels:
  - bioconda
  - defaults
dependencies:
  - _libgcc_mutex=0.1=main
  - _openmp_mutex=4.5=1_gnu
  - bcrypt=3.2.0=py36h7b6447c_0
  - blast=2.12.0=pl5262h3289130_0
  - brotlipy=0.7.0=py36h27cfd23_1003
  - bzip2=1.0.8=h7b6447c_0
  - c-ares=1.17.1=h27cfd23_0
  - ca-certificates=2024.3.11=h06a4308_0
  - certifi=2021.5.30=py36h06a4308_0
  - cffi=1.14.6=py36h400218f_0
  - charset-normalizer=2.0.4=pyhd3eb1b0_0
  - cryptography=3.4.7=py36hd23ed53_0
  - curl=7.78.0=h1ccaba5_0
  - docutils=0.17.1=py36h06a4308_1
  - dropbox=5.2.1=py36_0
  - entrez-direct=16.2=he881be0_0
  - filechunkio=1.6=py36_0
  - ftputil=3.2=py36_0
  - idna=3.2=pyhd3eb1b0_0
  - krb5=1.19.2=hac12032_0
  - ld_impl_linux-64=2.35.1=h7274673_9
  - libcurl=7.78.0=h0b77cf5_0
  - libedit=3.1.20210216=h27cfd23_1
  - libev=4.33=h7f8727e_1
  - libffi=3.3=he6710b0_2
  - libgcc-ng=9.3.0=h5101ec6_17
  - libgomp=9.3.0=h5101ec6_17
  - libnghttp2=1.41.0=hf8bcb03_2
  - libsodium=1.0.18=h7b6447c_0
  - libssh2=1.9.0=h1ba5d50_1
  - libstdcxx-ng=9.3.0=hd4cf53a_17
  - minimap2=2.17=h8b12597_1
  - ncurses=6.2=he6710b0_1
  - openssl=1.1.1w=h7f8727e_0
  - paramiko=2.7.2=py_0
  - pcre=8.45=h295c915_0
  - perl=5.26.2=h14c3975_0
  - perl-archive-tar=2.32=pl526_0
  - perl-carp=1.38=pl526_3
  - perl-common-sense=3.74=pl526_2
  - perl-compress-raw-bzip2=2.087=pl526he1b5a44_0
  - perl-compress-raw-zlib=2.087=pl526hc9558a2_0
  - perl-exporter=5.72=pl526_1
  - perl-exporter-tiny=1.002001=pl526_0
  - perl-extutils-makemaker=7.36=pl526_1
  - perl-io-compress=2.087=pl526he1b5a44_0
  - perl-io-zlib=1.10=pl526_2
  - perl-json=4.02=pl526_0
  - perl-json-xs=2.34=pl526h6bb024c_3
  - perl-list-moreutils=0.428=pl526_1
  - perl-list-moreutils-xs=0.428=pl526_0
  - perl-pathtools=3.75=pl526h14c3975_1
  - perl-scalar-list-utils=1.52=pl526h516909a_0
  - perl-types-serialiser=1.0=pl526_2
  - perl-xsloader=0.24=pl526_0
  - pip=21.0.1=py36h06a4308_0
  - psutil=5.8.0=py36h27cfd23_1
  - pycparser=2.20=py_2
  - pynacl=1.4.0=py36h7b6447c_1
  - pyopenssl=20.0.1=pyhd3eb1b0_1
  - pysftp=0.2.9=py36_0
  - pysocks=1.7.1=py36h06a4308_0
  - python=3.6.13=h12debd9_1
  - pyyaml=5.4.1=py36h27cfd23_1
  - readline=8.1=h27cfd23_0
  - requests=2.26.0=pyhd3eb1b0_0
  - setuptools=58.0.4=py36h06a4308_0
  - six=1.16.0=pyhd3eb1b0_0
  - snakemake=3.12.0=py36_1
  - sqlite=3.36.0=hc218d9a_0
  - star=2.7.9a=h9ee0642_0
  - tk=8.6.11=h1ccaba5_0
  - urllib3=1.26.6=pyhd3eb1b0_1
  - wheel=0.37.0=pyhd3eb1b0_1
  - wrapt=1.12.1=py36h7b6447c_1
  - xz=5.2.5=h7b6447c_0
  - yaml=0.2.5=h7b6447c_0
  - zlib=1.2.11=h7b6447c_3
  - pip:
      - biopython==1.79
      - intervaltree==3.1.0
      - numpy==1.18.1
      - pandas==1.1.4
      - pysam==0.16.0.1
      - python-dateutil==2.8.2
      - pytz==2021.1
      - sortedcontainers==2.4.0
